1.0000000000000000 1.0000000000000000 1.0000000000000000 1.0000000000000000 1.0000000000000000 1.0000000000000000 1.0000000000000000 1.0000000000000000 1.0000000000000000 1.0000000000000000 1.0000000000000000 1.0000000000000000 1.0000000000000000 1.0000000000000000 1.0000000000000000 1.0000000000000000 1.0000000000000000 1.0000000000000000 1.0000000000000000 1.0000000000000000 1.0000000000000000 1.0000000000000000 1.0000000000000000 1.0000000000000000 1.0000000000000000
1.0000000000000000 1.0001189935392150 1.0004760024623054 1.0010711116114475 1.0019044621429585 1.0029762511559337 1.0042867311715458 1.0058362094622191 1.0076250472296702 1.0096536586305962 1.0119225096485840 1.0144321168106103 1.0171830457463149 1.0201759095880465 1.0234113672095078 1.0268901213006674 1.0306129162764655 1.0345805360167015 1.0387938014343845 1.0432535678697226 1.0479607223068572 1.0529161804103819 1.0581208833786488 1.0635757946108608 1.0692818961849444
1.0000000000000000 1.0004760024623054 1.0019044621429585 1.0042867311715458 1.0076250472296702 1.0119225096485840 1.0171830457463149 1.0234113672095078 1.0306129162764655 1.0387938014343845 1.0479607223068572 1.0581208833786488 1.0692818961849444 1.0814516695831458 1.0946382877283281 1.1088498753901956 1.1240944502812988 1.1403797621149476 1.1577131181781439 1.1761011952914027 1.1955498381348033 1.2160638440491778 1.2376467345738842 1.2603005141587460 1.2840254166877414
1.0000000000000000 1.0010711116114475 1.0042867311715458 1.0096536586305962 1.0171830457463149 1.0268901213006674 1.0387938014343845 1.0529161804103819 1.0692818961849444 1.0879173645498048 1.1088498753901956 1.1321065448685521 1.1577131181781439 1.1856926190026231 1.2160638440491778 1.2488397040681245 1.2840254166877414 1.3216165612133524 1.3615970112647051 1.4039367677136456 1.4485897217409200 1.4954913858013463 1.5445566386465397 1.5956775390061875 1.6487212707001284
1.0000000000000000 1.0019044621429585 1.0076250472296702 1.0171830457463149 1.0306129162764655 1.0479607223068572 1.0692818961849444 1.0946382877283281 1.1240944502812988 1.1577131181781439 1.1955498381348033 1.2376467345738842 1.2840254166877414 1.3346790742458465 1.3895638602984448 1.4485897217409200 1.5116109117860017 1.5784164989434364 1.6487212707001284 1.7221575105674665 1.7982681967063430 1.8765022198226040 1.9562122376118956 2.0366557631054456 2.1170000166126743
1.0000000000000000 1.0029762511559337 1.0119225096485840 1.0268901213006674 1.0479607223068572 1.0752401851432449 1.1088498753901956 1.1489150002431010 1.1955498381348033 1.2488397040681243 1.3088196406756893 1.3754500420260214 1.4485897217409200 1.5279673258429198 1.6131524472756484 1.7035282894011483 1.7982681967063430 1.8963187504250643 1.9963923289859435 2.0969719686235480 2.1963309501195720 2.2925687356859816 2.3836636871016732 2.4675414785504581 2.5421564118475333
1.0000000000000000 1.0042867311715458 1.0171830457463149 1.0387938014343845 1.0692818961849444 1.1088498753901956 1.1577131181781439 1.2160638440491778 1.2840254166877414 1.3615970112647051 1.4485897217409200 1.5445566386465397 1.6487212707001284 1.7599107474886864 1.8765022198226038 1.9963923289859440 2.1170000166126743 2.2353117739343933 2.3479753194269044 2.4514426062432508 2.5421564118475333 2.6167674707969901 2.6723625013476520 2.7066790231192703 2.7182818284590451
1.0000000000000000 1.0058362094622191 1.0234113672095078 1.0529161804103819 1.0946382877283281 1.1489150002431010 1.2160638440491778 0.0000000000000000 0.0000000000000000 0.0000000000000000 0.0000000000000000 0.0000000000000000 0.0000000000000000 0.0000000000000000 0.0000000000000000 0.0000000000000000 0.0000000000000000 0.0000000000000000 2.6167674707969901 2.6796093926968356 2.7131148040252788 2.7153733605231740 2.6862549281595074 2.6274240949137320 2.5421564118475342
1.0000000000000000 1.0076250472296702 1.0306129162764655 1.0692818961849444 1.1240944502812988 1.1955498381348033 1.2840254166877414 0.0000000000000000 0.0000000000000000 0.0000000000000000 0.0000000000000000 0.0000000000000000 0.0000000000000000 0.0000000000000000 0.0000000000000000 0.0000000000000000 0.0000000000000000 0.0000000000000000 2.7182818284590451 2.6977116497179146 2.6375390658599676 2.5421564118475337 2.4181970009537981 2.2736666776684791 2.1170000166126748
1.0000000000000000 1.0096536586305962 1.0387938014343845 1.0879173645498048 1.1577131181781439 1.2488397040681243 1.3615970112647051 0.0000000000000000 0.0000000000000000 0.0000000000000000 0.0000000000000000 0.0000000000000000 0.0000000000000000 0.0000000000000000 0.0000000000000000 0.0000000000000000 0.0000000000000000 0.0000000000000000 2.6167674707969901 2.4986105719379781 2.3479753194269048 2.1766459054786447 1.9963923289859442 1.8176512778791283 1.6487212707001284
1.0000000000000000 1.0119225096485840 1.0479607223068572 1.1088498753901956 1.1955498381348033 1.3088196406756893 1.4485897217409200 0.0000000000000000 0.0000000000000000 0.0000000000000000 0.0000000000000000 0.0000000000000000 0.0000000000000000 0.0000000000000000 0.0000000000000000 0.0000000000000000 0.0000000000000000 0.0000000000000000 2.3479753194269048 2.1568521141749324 1.9562122376118967 1.7599107474886877 1.5784164989434375 1.4185668483607849 1.2840254166877418
1.0000000000000000 1.0144321168106103 1.0581208833786488 1.1321065448685521 1.2376467345738842 1.3754500420260214 1.5445566386465397 0.0000000000000000 0.0000000000000000 0.0000000000000000 0.0000000000000000 0.0000000000000000 0.0000000000000000 0.0000000000000000 0.0000000000000000 0.0000000000000000 0.0000000000000000 0.0000000000000000 1.9963923289859442 1.7790182960617145 1.5784164989434375 1.4039367677136456 1.2603005141587464 1.1489150002431012 1.0692818961849446
1.0000000000000000 1.0171830457463149 1.0692818961849444 1.1577131181781439 1.2840254166877414 1.4485897217409200 1.6487212707001284 0.0000000000000000 0.0000000000000000 0.0000000000000000 0.0000000000000000 0.0000000000000000 0.0000000000000000 0.0000000000000000 0.0000000000000000 0.0000000000000000 0.0000000000000000 0.0000000000000000 1.6487212707001284 1.4485897217409207 1.2840254166877418 1.1577131181781442 1.0692818961849446 1.0171830457463149 1.0000000000000000
1.0000000000000000 1.0201759095880465 1.0814516695831458 1.1856926190026231 1.3346790742458465 1.5279673258429198 1.7599107474886864 0.0000000000000000 0.0000000000000000 0.0000000000000000 0.0000000000000000 0.0000000000000000 0.0000000000000000 0.0000000000000000 0.0000000000000000 0.0000000000000000 0.0000000000000000 0.0000000000000000 0.0000000000000000 0.0000000000000000 0.0000000000000000 0.0000000000000000 0.0000000000000000 0.0000000000000000 0.0000000000000000
1.0000000000000000 1.0234113672095078 1.0946382877283281 1.2160638440491778 1.3895638602984448 1.6131524472756484 1.8765022198226038 0.0000000000000000 0.0000000000000000 0.0000000000000000 0.0000000000000000 0.0000000000000000 0.0000000000000000 0.0000000000000000 0.0000000000000000 0.0000000000000000 0.0000000000000000 0.0000000000000000 0.0000000000000000 0.0000000000000000 0.0000000000000000 0.0000000000000000 0.0000000000000000 0.0000000000000000 0.0000000000000000
1.0000000000000000 1.0268901213006674 1.1088498753901956 1.2488397040681245 1.4485897217409200 1.7035282894011483 1.9963923289859440 0.0000000000000000 0.0000000000000000 0.0000000000000000 0.0000000000000000 0.0000000000000000 0.0000000000000000 0.0000000000000000 0.0000000000000000 0.0000000000000000 0.0000000000000000 0.0000000000000000 0.0000000000000000 0.0000000000000000 0.0000000000000000 0.0000000000000000 0.0000000000000000 0.0000000000000000 0.0000000000000000
1.0000000000000000 1.0306129162764655 1.1240944502812988 1.2840254166877414 1.5116109117860017 1.7982681967063430 2.1170000166126743 0.0000000000000000 0.0000000000000000 0.0000000000000000 0.0000000000000000 0.0000000000000000 0.0000000000000000 0.0000000000000000 0.0000000000000000 0.0000000000000000 0.0000000000000000 0.0000000000000000 0.0000000000000000 0.0000000000000000 0.0000000000000000 0.0000000000000000 0.0000000000000000 0.0000000000000000 0.0000000000000000
1.0000000000000000 1.0345805360167015 1.1403797621149476 1.3216165612133524 1.5784164989434364 1.8963187504250643 2.2353117739343933 0.0000000000000000 0.0000000000000000 0.0000000000000000 0.0000000000000000 0.0000000000000000 0.0000000000000000 0.0000000000000000 0.0000000000000000 0.0000000000000000 0.0000000000000000 0.0000000000000000 0.0000000000000000 0.0000000000000000 0.0000000000000000 0.0000000000000000 0.0000000000000000 0.0000000000000000 0.0000000000000000
1.0000000000000000 1.0387938014343845 1.1577131181781439 1.3615970112647051 1.6487212707001284 1.9963923289859435 2.3479753194269044 2.6167674707969901 2.7182818284590451 2.6167674707969901 2.3479753194269048 1.9963923289859442 1.6487212707001284 0.0000000000000000 0.0000000000000000 0.0000000000000000 0.0000000000000000 0.0000000000000000 0.0000000000000000 0.0000000000000000 0.0000000000000000 0.0000000000000000 0.0000000000000000 0.0000000000000000 0.0000000000000000
1.0000000000000000 1.0432535678697226 1.1761011952914027 1.4039367677136456 1.7221575105674665 2.0969719686235480 2.4514426062432508 2.6796093926968356 2.6977116497179146 2.4986105719379781 2.1568521141749324 1.7790182960617145 1.4485897217409207 0.0000000000000000 0.0000000000000000 0.0000000000000000 0.0000000000000000 0.0000000000000000 0.0000000000000000 0.0000000000000000 0.0000000000000000 0.0000000000000000 0.0000000000000000 0.0000000000000000 0.0000000000000000
1.0000000000000000 1.0479607223068572 1.1955498381348033 1.4485897217409200 1.7982681967063430 2.1963309501195720 2.5421564118475333 2.7131148040252788 2.6375390658599676 2.3479753194269048 1.9562122376118967 1.5784164989434375 1.2840254166877418 0.0000000000000000 0.0000000000000000 0.0000000000000000 0.0000000000000000 0.0000000000000000 0.0000000000000000 0.0000000000000000 0.0000000000000000 0.0000000000000000 0.0000000000000000 0.0000000000000000 0.0000000000000000
1.0000000000000000 1.0529161804103819 1.2160638440491778 1.4954913858013463 1.8765022198226040 2.2925687356859816 2.6167674707969901 2.7153733605231740 2.5421564118475337 2.1766459054786447 1.7599107474886877 1.4039367677136456 1.1577131181781442 0.0000000000000000 0.0000000000000000 0.0000000000000000 0.0000000000000000 0.0000000000000000 0.0000000000000000 0.0000000000000000 0.0000000000000000 0.0000000000000000 0.0000000000000000 0.0000000000000000 0.0000000000000000
1.0000000000000000 1.0581208833786488 1.2376467345738842 1.5445566386465397 1.9562122376118956 2.3836636871016732 2.6723625013476520 2.6862549281595074 2.4181970009537981 1.9963923289859442 1.5784164989434375 1.2603005141587464 1.0692818961849446 0.0000000000000000 0.0000000000000000 0.0000000000000000 0.0000000000000000 0.0000000000000000 0.0000000000000000 0.0000000000000000 0.0000000000000000 0.0000000000000000 0.0000000000000000 0.0000000000000000 0.0000000000000000
1.0000000000000000 1.0635757946108608 1.2603005141587460 1.5956775390061875 2.0366557631054456 2.4675414785504581 2.7066790231192703 2.6274240949137320 2.2736666776684791 1.8176512778791283 1.4185668483607849 1.1489150002431012 1.0171830457463149 0.0000000000000000 0.0000000000000000 0.0000000000000000 0.0000000000000000 0.0000000000000000 0.0000000000000000 0.0000000000000000 0.0000000000000000 0.0000000000000000 0.0000000000000000 0.0000000000000000 0.0000000000000000
1.0000000000000000 1.0692818961849444 1.2840254166877414 1.6487212707001284 2.1170000166126743 2.5421564118475333 2.7182818284590451 2.5421564118475342 2.1170000166126748 1.6487212707001284 1.2840254166877418 1.0692818961849446 1.0000000000000000 0.0000000000000000 0.0000000000000000 0.0000000000000000 0.0000000000000000 0.0000000000000000 0.0000000000000000 0.0000000000000000 0.0000000000000000 0.0000000000000000 0.0000000000000000 0.0000000000000000 0.0000000000000000
