1.0000000000000000 1.0000000000000000 1.0000000000000000 1.0000000000000000 1.0000000000000000 1.0000000000000000 1.0000000000000000 1.0000000000000000 1.0000000000000000 1.0000000000000000 1.0000000000000000 1.0000000000000000 1.0000000000000000
1.0000000000000000 1.0019044621429585 1.0076250472296702 1.0171830457463149 1.0306129162764655 1.0479607223068572 1.0692818961849444 1.0946382877283281 1.1240944502812988 1.1577131181781439 1.1955498381348033 1.2376467345738842 1.2840254166877414
1.0000000000000000 1.0076250472296702 1.0306129162764655 1.0692818961849444 1.1240944502812988 1.1955498381348033 1.2840254166877414 1.3895638602984448 1.5116109117860017 1.6487212707001284 1.7982681967063430 1.9562122376118956 2.1170000166126743
1.0000000000000000 1.0171830457463149 1.0692818961849444 1.1577131181781439 1.2840254166877414 1.4485897217409200 1.6487212707001284 1.8765022198226038 2.1170000166126743 2.3479753194269044 2.5421564118475333 2.6723625013476520 2.7182818284590451
1.0000000000000000 1.0306129162764655 1.1240944502812988 1.2840254166877414 0.0000000000000000 0.0000000000000000 0.0000000000000000 0.0000000000000000 0.0000000000000000 2.7182818284590451 2.6375390658599676 2.4181970009537981 2.1170000166126748
1.0000000000000000 1.0479607223068572 1.1955498381348033 1.4485897217409200 0.0000000000000000 0.0000000000000000 0.0000000000000000 0.0000000000000000 0.0000000000000000 2.3479753194269048 1.9562122376118967 1.5784164989434375 1.2840254166877418
1.0000000000000000 1.0692818961849444 1.2840254166877414 1.6487212707001284 0.0000000000000000 0.0000000000000000 0.0000000000000000 0.0000000000000000 0.0000000000000000 1.6487212707001284 1.2840254166877418 1.0692818961849446 1.0000000000000000
1.0000000000000000 1.0946382877283281 1.3895638602984448 1.8765022198226038 0.0000000000000000 0.0000000000000000 0.0000000000000000 0.0000000000000000 0.0000000000000000 0.0000000000000000 0.0000000000000000 0.0000000000000000 0.0000000000000000
1.0000000000000000 1.1240944502812988 1.5116109117860017 2.1170000166126743 0.0000000000000000 0.0000000000000000 0.0000000000000000 0.0000000000000000 0.0000000000000000 0.0000000000000000 0.0000000000000000 0.0000000000000000 0.0000000000000000
1.0000000000000000 1.1577131181781439 1.6487212707001284 2.3479753194269044 2.7182818284590451 2.3479753194269048 1.6487212707001284 0.0000000000000000 0.0000000000000000 0.0000000000000000 0.0000000000000000 0.0000000000000000 0.0000000000000000
1.0000000000000000 1.1955498381348033 1.7982681967063430 2.5421564118475333 2.6375390658599676 1.9562122376118967 1.2840254166877418 0.0000000000000000 0.0000000000000000 0.0000000000000000 0.0000000000000000 0.0000000000000000 0.0000000000000000
1.0000000000000000 1.2376467345738842 1.9562122376118956 2.6723625013476520 2.4181970009537981 1.5784164989434375 1.0692818961849446 0.0000000000000000 0.0000000000000000 0.0000000000000000 0.0000000000000000 0.0000000000000000 0.0000000000000000
1.0000000000000000 1.2840254166877414 2.1170000166126743 2.7182818284590451 2.1170000166126748 1.2840254166877418 1.0000000000000000 0.0000000000000000 0.0000000000000000 0.0000000000000000 0.0000000000000000 0.0000000000000000 0.0000000000000000
